327
0.000000
0.000000
0.020833
0.000000
0.000000
0.041667
0.041667
0.062500
0.041667
0.000000
0.104167
0.041667
0.041667
0.125000
0.104167
0.083333
0.229167
0.291667
0.229167
0.208333
0.291667
0.291667
0.500000
0.291667
0.354167
0.791667
0.500000
0.479167
0.645833
0.645833
0.479167
0.500000
0.583333
0.604167
0.604167
0.583333
0.666667
0.666667
0.625000
0.937500
0.875000
0.666667
0.770833
0.833333
0.604167
0.562500
0.812500
0.791667
1.000000
0.645833
0.687500
0.583333
0.666667
0.833333
0.833333
0.729167
0.625000
0.708333
0.708333
0.729167
0.687500
0.666667
0.520833
0.562500
0.833333
0.583333
0.625000
0.708333
0.583333
0.812500
0.791667
0.562500
0.812500
0.729167
0.583333
0.583333
0.729167
0.562500
0.833333
0.812500
0.937500
0.500000
0.541667
0.750000
0.562500
0.604167
0.708333
0.729167
0.500000
0.520833
0.375000
0.520833
0.458333
0.479167
0.208333
0.375000
0.229167
0.250000
0.083333
0.208333
0.187500
0.104167
0.062500
0.041667
0.083333
0.104167
0.083333
0.020833
0.041667
0.000000
0.020833
0.020833
0.020833
0.000000
0.041667
0.020833
0.000000
0.000000
0.000000
0.000000
0.000000
0.000000
0.000000
0.000000
0.020833
0.000000
0.000000
0.000000
0.000000
0.000000
0.000000
0.000000
0.000000
0.000000
0.000000
0.000000
0.000000
0.000000
0.000000
0.020833
0.000000
0.000000
0.020833
0.000000
0.000000
0.000000
0.000000
0.000000
0.020833
0.000000
0.041667
0.020833
0.000000
0.000000
0.020833
0.020833
0.125000
0.041667
0.083333
0.125000
0.083333
0.083333
0.145833
0.166667
0.166667
0.354167
0.166667
0.333333
0.229167
0.375000
0.333333
0.333333
0.291667
0.395833
0.520833
0.520833
0.416667
0.333333
0.541667
0.479167
0.645833
0.666667
0.645833
0.687500
0.520833
0.625000
0.729167
0.770833
0.583333
0.666667
0.708333
0.500000
0.708333
0.770833
0.729167
0.666667
0.604167
0.708333
0.687500
0.750000
0.666667
0.750000
0.666667
0.708333
0.520833
0.979167
0.916667
0.854167
0.604167
0.750000
0.645833
0.583333
0.666667
0.770833
0.791667
0.645833
0.666667
0.958333
0.666667
0.645833
0.791667
0.812500
0.645833
0.437500
0.645833
0.604167
0.854167
0.708333
0.729167
0.812500
1.000000
0.541667
0.666667
0.750000
0.583333
1.000000
0.500000
0.791667
0.500000
0.604167
0.500000
0.645833
0.812500
0.708333
0.625000
0.687500
0.687500
0.833333
0.687500
0.562500
0.729167
0.520833
0.520833
0.500000
0.500000
0.583333
0.416667
0.395833
0.395833
0.437500
0.270833
0.166667
0.354167
0.208333
0.062500
0.187500
0.166667
0.125000
0.083333
0.104167
0.000000
0.083333
0.104167
0.062500
0.020833
0.041667
0.083333
0.000000
0.020833
0.020833
0.041667
0.020833
0.020833
0.020833
0.000000
0.020833
0.000000
0.000000
0.041667
0.020833
0.000000
0.000000
0.000000
0.020833
0.020833
0.020833
0.000000
0.000000
0.020833
0.000000
0.000000
0.000000
0.000000
0.000000
0.000000
0.000000
0.000000
0.000000
0.000000
0.000000
0.000000
0.000000
0.020833
0.000000
0.000000
0.000000
0.000000
0.000000
0.000000
0.000000
0.000000
0.000000
0.000000
0.000000
0.020833
0.000000
0.000000
