33   

46.4487    12.7332    79.3256
45.4893    12.3828    79.541
46.8593    13.4243    79.9874
39.871    94.0176    62.3561
40.9107    94.097    62.3688
39.3771    94.9515    62.6508
103.966    55.0713    52.174
103.551    55.982    52.3004
104.781    55.2205    51.4722
160.934    43.9765    19.3299
160.812    44.9028    18.8416
161.984    43.9119    19.5216
183.754    12.7332    79.3256
182.795    12.3828    79.541
184.165    13.4243    79.9874
208.885    9.24479    43.6552
209.206    8.29353    43.505
208.298    9.38825    44.5307
211.255    13.9133    15.2624
211.251    14.6979    15.9106
212.035    13.9616    14.6045
246.449    12.7332    79.3256
245.489    12.3828    79.541
246.859    13.4243    79.9874
239.871    94.0176    62.3561
240.911    94.097    62.3688
239.377    94.9515    62.6508
220.083    71.9321    29.4602
221.027    71.5416    29.5908
219.609    71.816    30.417
303.966    55.0713    52.174
303.551    55.982    52.3004
304.781    55.2205    51.4722
